Bathurst 0 4 5 10 8 11 1 17 14 4 6 38 15 9 17 11 8 28 20 5 35 20 42 39 13 2 12 15 10 41 7 1 2 21 24 18
Bay 4 0 1 6 4 7 5 13 10 8 10 34 11 13 21 15 12 24 24 9 31 16 38 35 17 6 8 19 14 37 3 2 1 17 20 14
Bloor-Yonge 5 1 0 4 3 6 6 12 8 9 11 32 10 14 23 17 13 22 26 10 29 15 36 33 18 7 7 21 15 35 1 3 2 16 19 13
Broadview 10 6 4 0 1 1 11 7 4 14 16 28 5 19 27 21 18 18 30 15 25 10 32 29 23 12 2 25 20 31 3 8 7 12 14 8
Castle_Frank 8 4 3 1 0 3 9 9 5 12 14 30 7 17 26 20 16 20 29 13 27 12 34 31 21 10 4 24 18 33 1 6 5 13 16 10
Chester 11 7 6 1 3 0 12 5 2 15 18 26 4 20 29 23 19 16 32 16 23 9 30 27 24 13 1 27 21 29 4 9 8 10 13 7
Christie 1 5 6 11 9 12 0 18 15 3 5 39 16 8 16 10 7 29 19 4 36 21 43 40 12 1 13 14 9 42 8 2 3 22 25 19
Coxwell 17 13 12 7 9 5 18 0 3 21 23 21 2 26 34 29 25 11 37 22 18 3 25 22 30 19 4 32 27 24 10 15 14 4 7 1
Donlands 14 10 8 4 5 2 15 3 0 17 20 24 1 23 31 25 21 14 34 19 21 6 28 25 27 16 1 29 24 27 7 12 11 8 10 4
Dufferin 4 8 9 14 12 15 3 21 17 0 2 42 19 5 14 8 4 32 16 1 39 24 46 43 9 1 16 11 6 45 10 5 6 25 28 22
Dundas_West 6 10 11 16 14 18 5 23 20 2 0 44 21 2 11 5 1 34 14 1 41 26 48 45 7 4 19 9 4 47 13 8 9 28 31 25
Ellesmere 38 34 32 28 30 26 39 21 24 42 44 0 23 47 55 49 46 6 58 43 2 18 4 1 51 40 25 53 48 3 31 36 35 16 13 19
Greenwood 15 11 10 5 7 4 16 2 1 19 21 23 0 25 32 27 23 13 35 20 20 5 27 24 28 17 2 30 25 26 8 13 12 6 9 3
High_Park 9 13 14 19 17 20 8 26 23 5 2 47 25 0 8 2 1 37 11 4 44 29 51 48 4 6 21 6 1 50 16 11 12 31 33 27
Islington 17 21 23 27 26 29 16 34 31 14 11 55 32 8 0 6 9 45 3 12 52 37 59 56 4 15 30 2 7 58 24 19 20 39 42 36
Jane 11 15 17 21 20 23 10 29 25 8 5 49 27 2 6 0 4 39 9 6 46 31 53 50 1 9 24 4 1 52 18 13 14 33 36 30
Keele 8 12 13 18 16 19 7 25 21 4 1 46 23 1 9 4 0 36 12 3 43 28 50 47 5 5 20 7 2 49 15 9 10 29 32 26
Kennedy 28 24 22 18 20 16 29 11 14 32 34 6 13 37 45 39 36 0 48 33 3 8 10 7 41 30 15 43 38 9 21 26 25 6 3 9
Kipling 20 24 26 30 29 32 19 37 34 16 14 58 35 11 3 9 12 48 0 15 55 40 62 59 7 18 33 5 10 61 27 22 23 42 45 39
Lansdowne 5 9 10 15 13 16 4 22 19 1 1 43 20 4 12 6 3 33 15 0 40 25 47 44 8 2 17 10 5 46 12 6 7 26 29 23
Lawrence_East 35 31 29 25 27 23 36 18 21 39 41 2 20 44 52 46 43 3 55 40 0 15 7 4 48 37 22 50 45 5 28 33 32 13 10 16
Main_Street 20 16 15 10 12 9 21 3 6 24 26 18 5 29 37 31 28 8 40 25 15 0 22 19 33 22 7 35 30 21 13 18 17 1 4 1
McCowan 42 38 36 32 34 30 43 25 28 46 48 4 27 51 59 53 50 10 62 47 7 22 0 3 55 44 29 57 52 1 35 40 39 20 17 23
Midland 39 35 33 29 31 27 40 22 25 43 45 1 24 48 56 50 47 7 59 44 4 19 3 0 52 41 26 54 49 1 32 37 36 17 14 20
Old_Mill 13 17 18 23 21 24 12 30 27 9 7 51 28 4 4 1 5 41 7 8 48 33 55 52 0 11 26 2 3 54 20 15 16 34 37 31
Ossington 2 6 7 12 10 13 1 19 16 1 4 40 17 6 15 9 5 30 18 2 37 22 44 41 11 0 15 13 8 43 9 4 5 24 27 21
Pape 12 8 7 2 4 1 13 4 1 16 19 25 2 21 30 24 20 15 33 17 22 7 29 26 26 15 0 28 23 28 5 11 10 9 12 6
Royal_York 15 19 21 25 24 27 14 32 29 11 9 53 30 6 2 4 7 43 5 10 50 35 57 54 2 13 28 0 5 56 22 17 18 37 40 34
Runnymede 10 14 15 20 18 21 9 27 24 6 4 48 25 1 7 1 2 38 10 5 45 30 52 49 3 8 23 5 0 51 17 12 13 32 35 29
Scarborough_Centre 41 37 35 31 33 29 42 24 27 45 47 3 26 50 58 52 49 9 61 46 5 21 1 1 54 43 28 56 51 0 34 39 38 19 16 22
Sherbourne 7 3 1 3 1 4 8 10 7 10 13 31 8 16 24 18 15 21 27 12 28 13 35 32 20 9 5 22 17 34 0 5 4 14 17 11
Spadina 1 2 3 8 6 9 2 15 12 5 8 36 13 11 19 13 9 26 22 6 33 18 40 37 15 4 11 17 12 39 5 0 1 20 23 17
St_George 2 1 2 7 5 8 3 14 11 6 9 35 12 12 20 14 10 25 23 7 32 17 39 36 16 5 10 18 13 38 4 1 0 19 21 16
Victoria_Park 21 17 16 12 13 10 22 4 8 25 28 16 6 31 39 33 29 6 42 26 13 1 20 17 34 24 9 37 32 19 14 20 19 0 2 3
Warden 24 20 19 14 16 13 25 7 10 28 31 13 9 33 42 36 32 3 45 29 10 4 17 14 37 27 12 40 35 16 17 23 21 2 0 6
Woodbine 18 14 13 8 10 7 19 1 4 22 25 19 3 27 36 30 26 9 39 23 16 1 23 20 31 21 6 34 29 22 11 17 16 3 6 0