Bayview 0 2 24 26 18 6 59 28 42 16 48 11 49 30 12 51 3 38 8 34 29 36 22 3 41 33 20 44 39 35 21 31 25 55 10 53
Bessarion 2 0 26 28 20 4 61 30 44 18 50 13 51 32 14 53 2 40 10 36 31 38 24 5 43 35 22 46 41 37 23 33 27 57 12 55
Bloor-Yonge 24 26 0 2 6 29 34 3 18 8 24 21 25 6 11 27 27 13 19 10 5 12 1 17 17 9 4 20 15 11 3 7 1 31 14 29
College 26 28 2 0 9 31 32 1 15 11 21 23 23 3 14 24 29 11 21 7 2 9 4 19 14 6 7 17 12 8 5 5 1 29 17 26
Davisville 18 20 6 9 0 23 41 10 24 2 30 15 31 12 5 33 21 20 12 16 11 18 4 11 23 15 2 26 21 17 3 13 7 37 8 35
Don_Mills 6 4 29 31 23 0 64 33 47 21 53 16 54 35 17 56 2 43 13 39 34 41 27 8 46 38 25 49 44 40 26 36 30 60 15 58
Downsview 59 61 34 32 41 64 0 31 16 43 10 56 9 28 46 7 62 21 53 25 30 22 36 52 17 26 39 14 19 23 37 27 33 3 49 5
Dundas 28 30 3 1 10 33 31 0 14 12 20 25 21 2 15 23 31 10 22 6 1 8 5 21 13 5 8 16 11 7 6 3 2 27 18 25
Dupont 42 44 18 15 24 47 16 14 0 26 6 39 7 12 29 9 45 4 37 8 13 6 20 35 1 9 22 2 3 7 21 11 17 13 32 11
Eglinton 16 18 8 11 2 21 43 12 26 0 32 13 33 14 3 35 19 22 10 18 13 20 6 9 25 17 4 28 23 19 5 15 9 39 6 37
Eglinton_West 48 50 24 21 30 53 10 20 6 32 0 45 1 18 35 3 51 10 43 14 19 11 25 41 7 15 28 3 8 13 27 16 22 7 38 5
Finch 11 13 21 23 15 16 56 25 39 13 45 0 46 27 9 48 14 35 2 31 26 33 19 4 38 30 17 41 36 32 18 28 22 52 7 50
Glencairn 49 51 25 23 31 54 9 21 7 33 1 46 0 19 37 1 52 11 44 15 20 13 27 42 8 16 29 5 10 14 28 18 24 6 39 3
King 30 32 6 3 12 35 28 2 12 14 18 27 19 0 17 21 33 7 25 4 1 6 8 23 11 3 10 14 9 5 9 1 5 25 20 23
Lawrence 12 14 11 14 5 17 46 15 29 3 35 9 37 17 0 38 15 25 7 21 16 23 10 5 28 20 7 31 27 22 8 19 13 43 2 40
Lawrence_West 51 53 27 24 33 56 7 23 9 35 3 48 1 21 38 0 54 13 46 17 22 15 28 44 10 18 31 7 11 16 30 19 25 4 41 2
Leslie 3 2 27 29 21 2 62 31 45 19 51 14 52 33 15 54 0 41 11 37 32 39 25 6 44 36 23 47 42 38 24 34 28 58 13 56
Museum 38 40 13 11 20 43 21 10 4 22 10 35 11 7 25 13 41 0 32 4 9 1 15 31 3 5 18 6 1 2 16 6 12 17 28 15
North_York_Centre 8 10 19 21 12 13 53 22 37 10 43 2 44 25 7 46 11 32 0 29 23 31 17 1 36 27 14 39 34 30 16 26 20 50 4 48
Osgoode 34 36 10 7 16 39 25 6 8 18 14 31 15 4 21 17 37 4 29 0 5 2 11 27 7 1 14 10 5 1 13 2 8 21 24 19
Queen 29 31 5 2 11 34 30 1 13 13 19 26 20 1 16 22 32 9 23 5 0 7 6 22 12 4 9 15 10 6 7 2 3 26 19 24
Queen's_Park 36 38 12 9 18 41 22 8 6 20 11 33 13 6 23 15 39 1 31 2 7 0 14 29 5 3 16 8 3 1 15 5 11 19 26 17
Rosedale 22 24 1 4 4 27 36 5 20 6 25 19 27 8 10 28 25 15 17 11 6 14 0 15 18 10 2 22 17 12 1 9 3 33 12 31
Sheppard-Yonge 3 5 17 19 11 8 52 21 35 9 41 4 42 23 5 44 6 31 1 27 22 29 15 0 34 26 13 37 32 28 14 24 18 48 3 46
Spadina 41 43 17 14 23 46 17 13 1 25 7 38 8 11 28 10 44 3 36 7 12 5 18 34 0 8 21 3 1 6 20 9 15 14 31 12
St_Andrew 33 35 9 6 15 38 26 5 9 17 15 30 16 3 20 18 36 5 27 1 4 3 10 26 8 0 13 11 6 2 11 1 7 22 23 20
St_Clair 20 22 4 7 2 25 39 8 22 4 28 17 29 10 7 31 23 18 14 14 9 16 2 13 21 13 0 24 19 15 1 11 5 35 10 33
St_Clair_West 44 46 20 17 26 49 14 16 2 28 3 41 5 14 31 7 47 6 39 10 15 8 22 37 3 11 24 0 5 9 23 13 19 11 34 9
St_George 39 41 15 12 21 44 19 11 3 23 8 36 10 9 27 11 42 1 34 5 10 3 17 32 1 6 19 5 0 4 18 8 14 16 29 14
St_Patrick 35 37 11 8 17 40 23 7 7 19 13 32 14 5 22 16 38 2 30 1 6 1 12 28 6 2 15 9 4 0 14 3 9 20 25 18
Summerhill 21 23 3 5 3 26 37 6 21 5 27 18 28 9 8 30 24 16 16 13 7 15 1 14 20 11 1 23 18 14 0 10 4 34 11 32
Union 31 33 7 5 13 36 27 3 11 15 16 28 18 1 19 19 34 6 26 2 2 5 9 24 9 1 11 13 8 3 10 0 6 24 21 21
Wellesley 25 27 1 1 7 30 33 2 17 9 22 22 24 5 13 25 28 12 20 8 3 11 3 18 15 7 5 19 14 9 4 6 0 30 15 28
Wilson 55 57 31 29 37 60 3 27 13 39 7 52 6 25 43 4 58 17 50 21 26 19 33 48 14 22 35 11 16 20 34 24 30 0 45 2
York_Mills 10 12 14 17 8 15 49 18 32 6 38 7 39 20 2 41 13 28 4 24 19 26 12 3 31 23 10 34 29 25 11 21 15 45 0 43
Yorkdale 53 55 29 26 35 58 5 25 11 37 5 50 3 23 40 2 56 15 48 19 24 17 31 46 12 20 33 9 14 18 32 21 28 2 43 0